LST Temperature Distribution Statistics
==================================================

Total files processed: 1,811,272
Total pixels (excluding 0°F): 22,134,369,574

Min temperature: -189°F
Max temperature: 211°F
Mean temperature: 84.27°F
Median temperature: 85°F
Mode temperature: 89°F
Std deviation: 29.61°F

Percentiles:
  10th: 51°F
  25th: 66°F
  50th: 85°F
  75th: 104°F
  90th: 121°F

==================================================
Full Histogram Data
Temp(°F)	Count		Probability
--------------------------------------------------
-189		36,251,640		0.00163780
-188		35,439		0.00000160
-187		35,904		0.00000162
-186		37,488		0.00000169
-185		38,206		0.00000173
-184		39,368		0.00000178
-183		40,322		0.00000182
-182		40,801		0.00000184
-181		41,656		0.00000188
-180		42,985		0.00000194
-179		43,742		0.00000198
-178		45,633		0.00000206
-177		46,522		0.00000210
-176		47,888		0.00000216
-175		49,239		0.00000222
-174		50,420		0.00000228
-173		51,431		0.00000232
-172		52,392		0.00000237
-171		53,077		0.00000240
-170		53,560		0.00000242
-169		55,053		0.00000249
-168		56,262		0.00000254
-167		56,998		0.00000258
-166		57,735		0.00000261
-165		58,097		0.00000262
-164		58,656		0.00000265
-163		60,379		0.00000273
-162		61,254		0.00000277
-161		62,235		0.00000281
-160		63,203		0.00000286
-159		62,793		0.00000284
-158		64,597		0.00000292
-157		65,391		0.00000295
-156		65,579		0.00000296
-155		65,337		0.00000295
-154		65,987		0.00000298
-153		66,491		0.00000300
-152		67,515		0.00000305
-151		66,940		0.00000302
-150		67,395		0.00000304
-149		68,243		0.00000308
-148		69,925		0.00000316
-147		70,823		0.00000320
-146		72,184		0.00000326
-145		72,311		0.00000327
-144		73,688		0.00000333
-143		76,386		0.00000345
-142		78,552		0.00000355
-141		80,552		0.00000364
-140		82,697		0.00000374
-139		84,048		0.00000380
-138		84,453		0.00000382
-137		87,801		0.00000397
-136		89,880		0.00000406
-135		93,504		0.00000422
-134		96,656		0.00000437
-133		100,018		0.00000452
-132		100,857		0.00000456
-131		102,183		0.00000462
-130		104,170		0.00000471
-129		105,650		0.00000477
-128		107,247		0.00000485
-127		106,616		0.00000482
-126		109,141		0.00000493
-125		110,852		0.00000501
-124		112,902		0.00000510
-123		112,019		0.00000506
-122		114,243		0.00000516
-121		113,886		0.00000515
-120		116,808		0.00000528
-119		119,117		0.00000538
-118		120,144		0.00000543
-117		122,225		0.00000552
-116		125,102		0.00000565
-115		127,927		0.00000578
-114		130,343		0.00000589
-113		133,200		0.00000602
-112		135,114		0.00000610
-111		137,823		0.00000623
-110		136,479		0.00000617
-109		139,720		0.00000631
-108		137,158		0.00000620
-107		139,854		0.00000632
-106		144,329		0.00000652
-105		146,899		0.00000664
-104		150,054		0.00000678
-103		151,248		0.00000683
-102		155,009		0.00000700
-101		157,033		0.00000709
-100		161,707		0.00000731
-99		162,157		0.00000733
-98		166,849		0.00000754
-97		167,537		0.00000757
-96		171,898		0.00000777
-95		175,085		0.00000791
-94		179,598		0.00000811
-93		180,098		0.00000814
-92		182,006		0.00000822
-91		187,332		0.00000846
-90		190,658		0.00000861
-89		197,191		0.00000891
-88		196,729		0.00000889
-87		202,424		0.00000915
-86		202,238		0.00000914
-85		209,128		0.00000945
-84		213,288		0.00000964
-83		222,725		0.00001006
-82		227,868		0.00001029
-81		237,465		0.00001073
-80		251,257		0.00001135
-79		260,433		0.00001177
-78		272,390		0.00001231
-77		290,171		0.00001311
-76		303,317		0.00001370
-75		313,309		0.00001415
-74		322,618		0.00001458
-73		334,632		0.00001512
-72		353,130		0.00001595
-71		359,524		0.00001624
-70		357,941		0.00001617
-69		351,211		0.00001587
-68		350,624		0.00001584
-67		349,559		0.00001579
-66		334,525		0.00001511
-65		326,821		0.00001477
-64		322,808		0.00001458
-63		323,929		0.00001463
-62		325,730		0.00001472
-61		323,769		0.00001463
-60		322,102		0.00001455
-59		328,793		0.00001485
-58		332,627		0.00001503
-57		340,329		0.00001538
-56		340,596		0.00001539
-55		341,012		0.00001541
-54		347,042		0.00001568
-53		355,861		0.00001608
-52		360,641		0.00001629
-51		358,276		0.00001619
-50		362,363		0.00001637
-49		367,568		0.00001661
-48		390,242		0.00001763
-47		404,833		0.00001829
-46		424,023		0.00001916
-45		436,665		0.00001973
-44		460,423		0.00002080
-43		478,526		0.00002162
-42		504,467		0.00002279
-41		530,549		0.00002397
-40		552,373		0.00002496
-39		566,420		0.00002559
-38		578,391		0.00002613
-37		588,748		0.00002660
-36		594,086		0.00002684
-35		625,401		0.00002825
-34		652,510		0.00002948
-33		657,182		0.00002969
-32		630,716		0.00002849
-31		635,643		0.00002872
-30		639,302		0.00002888
-29		657,737		0.00002972
-28		672,061		0.00003036
-27		690,315		0.00003119
-26		701,577		0.00003170
-25		712,666		0.00003220
-24		775,338		0.00003503
-23		894,227		0.00004040
-22		1,027,456		0.00004642
-21		1,107,940		0.00005006
-20		1,144,083		0.00005169
-19		1,168,537		0.00005279
-18		1,144,842		0.00005172
-17		1,154,787		0.00005217
-16		1,210,320		0.00005468
-15		1,206,142		0.00005449
-14		1,197,578		0.00005410
-13		1,207,750		0.00005456
-12		1,219,800		0.00005511
-11		1,412,073		0.00006380
-10		1,842,731		0.00008325
-9		1,935,957		0.00008746
-8		1,760,387		0.00007953
-7		1,783,568		0.00008058
-6		1,738,855		0.00007856
-5		1,666,534		0.00007529
-4		1,604,878		0.00007251
-3		1,683,082		0.00007604
-2		1,908,774		0.00008624
-1		2,295,132		0.00010369
1		5,288,349		0.00023892
2		5,363,497		0.00024232
3		5,104,251		0.00023060
4		5,120,197		0.00023132
5		6,102,346		0.00027570
6		6,687,498		0.00030213
7		6,435,962		0.00029077
8		6,472,710		0.00029243
9		6,525,365		0.00029481
10		6,434,344		0.00029069
11		6,754,415		0.00030516
12		7,826,022		0.00035357
13		8,929,130		0.00040341
14		9,645,440		0.00043577
15		9,948,900		0.00044948
16		10,493,584		0.00047409
17		10,831,234		0.00048934
18		11,395,308		0.00051482
19		12,091,541		0.00054628
20		14,048,469		0.00063469
21		16,700,032		0.00075448
22		18,984,842		0.00085771
23		20,147,106		0.00091022
24		20,985,736		0.00094811
25		21,421,466		0.00096779
26		22,748,678		0.00102775
27		24,605,197		0.00111163
28		26,070,994		0.00117785
29		28,734,290		0.00129818
30		31,255,320		0.00141207
31		36,587,154		0.00165296
32		43,714,099		0.00197494
33		47,944,312		0.00216606
34		51,763,802		0.00233862
35		55,332,810		0.00249986
36		57,005,442		0.00257543
37		59,242,241		0.00267648
38		62,218,734		0.00281096
39		67,461,422		0.00304781
40		72,502,195		0.00327555
41		77,665,614		0.00350882
42		85,132,479		0.00384617
43		90,827,939		0.00410348
44		98,760,930		0.00446188
45		106,472,252		0.00481027
46		114,927,802		0.00519228
47		121,931,391		0.00550869
48		132,489,709		0.00598570
49		142,506,828		0.00643826
50		154,691,491		0.00698875
51		163,021,106		0.00736507
52		172,606,469		0.00779812
53		180,839,336		0.00817007
54		187,992,665		0.00849325
55		196,754,265		0.00888908
56		199,502,795		0.00901326
57		210,031,648		0.00948894
58		218,436,703		0.00986867
59		228,996,685		0.01034575
60		230,665,178		0.01042113
61		237,091,158		0.01071145
62		244,724,710		0.01105632
63		255,201,905		0.01152967
64		261,793,910		0.01182748
65		271,549,964		0.01226825
66		278,993,685		0.01260455
67		281,980,067		0.01273947
68		285,372,456		0.01289273
69		283,307,887		0.01279946
70		285,363,255		0.01289231
71		284,645,948		0.01285991
72		286,792,859		0.01295690
73		285,792,272		0.01291170
74		289,034,733		0.01305819
75		286,985,938		0.01296563
76		288,909,317		0.01305252
77		289,657,794		0.01308634
78		293,539,672		0.01326171
79		293,076,033		0.01324077
80		296,869,227		0.01341214
81		300,753,645		0.01358763
82		302,268,952		0.01365609
83		304,020,469		0.01373522
84		301,344,003		0.01361430
85		303,175,634		0.01369705
86		304,005,869		0.01373456
87		308,227,622		0.01392529
88		308,207,005		0.01392436
89		311,048,022		0.01405272
90		308,870,895		0.01395436
91		309,264,212		0.01397213
92		304,613,407		0.01376201
93		303,834,943		0.01372684
94		301,155,871		0.01360580
95		295,871,230		0.01336705
96		293,654,991		0.01326692
97		286,626,709		0.01294940
98		282,394,059		0.01275817
99		274,784,524		0.01241438
100		270,250,104		0.01220952
101		261,583,266		0.01181797
102		256,233,553		0.01157628
103		248,190,112		0.01121288
104		243,688,065		0.01100949
105		236,204,740		0.01067140
106		231,230,712		0.01044668
107		224,615,989		0.01014784
108		217,485,314		0.00982568
109		213,539,165		0.00964740
110		207,600,985		0.00937912
111		204,845,866		0.00925465
112		199,374,355		0.00900746
113		196,267,975		0.00886711
114		190,677,974		0.00861457
115		186,896,222		0.00844371
116		180,366,460		0.00814871
117		175,628,335		0.00793464
118		168,576,388		0.00761605
119		163,891,505		0.00740439
120		158,339,755		0.00715357
121		152,004,656		0.00686736
122		148,242,654		0.00669740
123		142,985,849		0.00645990
124		138,781,969		0.00626998
125		132,309,630		0.00597756
126		127,439,801		0.00575755
127		121,528,626		0.00549049
128		117,109,018		0.00529082
129		110,912,196		0.00501086
130		105,690,880		0.00477497
131		99,314,409		0.00448689
132		94,578,692		0.00427293
133		88,992,329		0.00402055
134		83,942,044		0.00379238
135		78,241,347		0.00353484
136		71,796,863		0.00324368
137		65,802,215		0.00297285
138		58,835,132		0.00265809
139		52,806,867		0.00238574
140		45,785,786		0.00206854
141		39,333,531		0.00177703
142		32,839,643		0.00148365
143		27,371,476		0.00123661
144		22,342,985		0.00100942
145		18,609,252		0.00084074
146		15,669,975		0.00070795
147		13,125,320		0.00059298
148		10,622,728		0.00047992
149		8,399,505		0.00037948
150		6,439,153		0.00029091
151		4,624,799		0.00020894
152		3,277,751		0.00014808
153		2,205,303		0.00009963
154		1,514,014		0.00006840
155		994,773		0.00004494
156		661,861		0.00002990
157		464,605		0.00002099
158		344,147		0.00001555
159		245,319		0.00001108
160		182,734		0.00000826
161		136,406		0.00000616
162		102,601		0.00000464
163		75,784		0.00000342
164		54,608		0.00000247
165		39,544		0.00000179
166		26,263		0.00000119
167		19,053		0.00000086
168		11,656		0.00000053
169		6,728		0.00000030
170		3,819		0.00000017
171		2,571		0.00000012
172		1,943		0.00000009
173		539		0.00000002
174		205		0.00000001
175		130		0.00000001
176		102		0.00000000
177		62		0.00000000
178		75		0.00000000
179		59		0.00000000
180		46		0.00000000
181		53		0.00000000
182		49		0.00000000
183		47		0.00000000
184		39		0.00000000
185		31		0.00000000
186		42		0.00000000
187		39		0.00000000
188		24		0.00000000
189		22		0.00000000
190		15		0.00000000
191		27		0.00000000
192		12		0.00000000
193		13		0.00000000
194		17		0.00000000
195		21		0.00000000
196		31		0.00000000
197		15		0.00000000
198		11		0.00000000
199		17		0.00000000
200		10		0.00000000
201		6		0.00000000
202		15		0.00000000
203		14		0.00000000
204		12		0.00000000
205		10		0.00000000
206		11		0.00000000
207		8		0.00000000
208		10		0.00000000
209		11		0.00000000
210		3		0.00000000
211		298		0.00000001
